244.120 12.7675
244.384 12.7813
244.692 12.7974
245.276 12.8280
243.220 12.7204
244.480 12.7863
245.260 12.8271
244.452 12.7849
244.128 12.7679
244.136 12.7684
247.104 12.9236
243.664 12.7437
243.724 12.7468
244.296 12.7767
245.212 12.8246
242.028 12.6581
244.480 12.7863
245.148 12.8213
245.396 12.8343
244.548 12.7899
245.272 12.8278
244.656 12.7956
245.048 12.8161
244.760 12.8010
244.744 12.8002
245.004 12.8138
245.024 12.8148
245.104 12.8190
244.728 12.7993
245.180 12.8230
246.240 12.8784
244.888 12.8077
244.600 12.7926
244.484 12.7866
244.972 12.8121
245.092 12.8184
244.884 12.8075
245.136 12.8207
244.712 12.7985
245.344 12.8315
246.260 12.8794
244.728 12.7993
244.896 12.8081
244.560 12.7905
245.076 12.8175
244.096 12.7663
244.660 12.7958
244.840 12.8052
244.380 12.7811
245.344 12.8315
245.844 12.8577
244.636 12.7945
244.616 12.7935
245.476 12.8384
245.800 12.8554
244.580 12.7916
245.112 12.8194
245.628 12.8464
245.428 12.8359
244.992 12.8131
245.660 12.8481
247.236 12.9305
244.568 12.7909
245.400 12.8345
244.808 12.8035
243.084 12.7133
245.136 12.8207
244.932 12.8100
244.460 12.7853
244.772 12.8016
245.824 12.8566
244.340 12.7790
244.144 12.7688
244.692 12.7974
245.224 12.8253
244.788 12.8025
245.672 12.8487
244.472 12.7859
245.376 12.8332
245.048 12.8161
245.740 12.8522
244.236 12.7736
245.580 12.8439
245.308 12.8297
246.072 12.8696
245.220 12.8250
244.880 12.8073
244.560 12.7905
244.724 12.7991
244.668 12.7962
245.976 12.8646
245.980 12.8648
244.404 12.7824
244.836 12.8050
244.608 12.7930
244.952 12.8110
244.444 12.7845
244.408 12.7826
244.008 12.7617
244.700 12.7979
246.408 12.8872
244.940 12.8104
244.468 12.7857
245.592 12.8445
245.564 12.8430
244.996 12.8133
245.168 12.8223
244.816 12.8039
245.392 12.8340
244.808 12.8035
246.432 12.8884
245.024 12.8148
244.412 12.7828
245.192 12.8236
245.500 12.8397
243.936 12.7579
246.112 12.8717
245.740 12.8522
244.792 12.8027
245.124 12.8200
