622.952 32.5806
622.332 32.5482
620.972 32.4770
620.896 32.4730
621.676 32.5138
621.824 32.5216
621.456 32.5023
621.108 32.4841
621.252 32.4917
622.224 32.5425
622.580 32.5611
621.932 32.5272
623.152 32.5910
622.208 32.5417
621.776 32.5191
620.904 32.4735
621.196 32.4887
621.488 32.5040
620.524 32.4536
623.172 32.5921
621.992 32.5304
621.320 32.4952
622.044 32.5331
620.824 32.4693
620.592 32.4571
621.668 32.5134
622.144 32.5383
621.192 32.4885
621.812 32.5210
621.108 32.4841
622.164 32.5394
620.824 32.4693
621.388 32.4988
620.576 32.4563
622.520 32.5580
623.740 32.6218
621.368 32.4977
622.888 32.5772
622.564 32.5603
622.216 32.5421
621.236 32.4908
622.372 32.5502
621.236 32.4908
620.532 32.4540
621.404 32.4996
622.068 32.5343
621.488 32.5040
622.112 32.5366
621.408 32.4998
622.340 32.5486
622.872 32.5764
622.540 32.5590
621.460 32.5025
621.084 32.4829
623.064 32.5864
622.100 32.5360
621.904 32.5258
620.536 32.4542
622.844 32.5749
622.436 32.5536
622.512 32.5576
623.196 32.5933
621.716 32.5159
621.768 32.5187
621.448 32.5019
621.836 32.5222
621.912 32.5262
621.320 32.4952
622.428 32.5532
621.528 32.5061
622.496 32.5567
621.896 32.5253
622.072 32.5346
621.568 32.5082
621.884 32.5247
622.844 32.5749
622.240 32.5433
622.080 32.5350
620.696 32.4626
621.352 32.4969
622.708 32.5678
622.088 32.5354
623.256 32.5965
621.964 32.5289
621.940 32.5276
622.236 32.5431
622.156 32.5389
623.220 32.5946
622.188 32.5406
623.704 32.6199
620.020 32.4272
622.660 32.5653
622.836 32.5745
621.784 32.5195
621.544 32.5069
622.432 32.5534
623.700 32.6197
622.012 32.5314
622.188 32.5406
621.680 32.5141
624.272 32.6496
622.120 32.5371
622.580 32.5611
622.820 32.5737
621.856 32.5233
621.512 32.5053
621.568 32.5082
622.484 32.5561
621.632 32.5115
621.968 32.5291
623.936 32.6320
622.188 32.5406
621.356 32.4971
622.132 32.5377
621.556 32.5076
621.480 32.5036
622.208 32.5417
623.336 32.6007
622.000 32.5308
623.308 32.5992
