413504
414136
411904
413484
411840
412420
411812
413140
412204
411968
412672
411828
411620
408816
409912
410116
410160
409944
410416
410056
410092
409228
411416
411956
411724
410908
412080
411520
412808
412788
413588
412096
412156
411548
413120
412440
412804
411724
413040
412332
413688
412664
412368
413060
412820
412276
413272
412200
413184
413236
414360
412628
413168
411964
411892
412156
411712
412124
411264
411244
412284
411324
412180
408240
410932
410996
411636
410812
411720
411008
411424
409812
410664
409784
411032
410516
409512
408904
409232
409100
410288
407808
407580
408284
408768
408360
410092
410380
410824
411176
411536
410048
409572
409224
410652
409852
409104
410800
410944
410016
411424
409964
410408
410180
410092
409840
410328
411088
410292
411228
410848
410368
410072
407700
410508
410068
410972
410512
409948
409956
