799.620
798.012
796.864
796.680
797.272
796.332
796.476
796.900
797.848
796.900
796.892
797.584
796.344
796.132
797.808
797.500
795.396
796.220
792.528
793.796
793.324
793.712
793.524
791.096
795.692
794.988
794.392
794.320
794.812
793.280
796.368
794.068
794.344
794.456
794.136
794.488
794.120
794.808
793.300
794.228
795.032
794.536
794.092
795.584
794.060
794.336
794.592
794.624
794.356
794.620
793.240
793.292
793.988
793.748
794.064
794.848
796.080
793.624
793.908
794.232
795.444
796.016
795.416
793.332
794.184
793.860
791.872
792.304
792.496
792.704
794.068
793.048
793.244
790.256
792.160
793.752
794.040
794.352
792.012
791.956
793.868
793.052
792.756
792.788
791.976
792.016
791.768
793.648
793.300
795.088
794.572
794.332
794.808
793.984
796.332
794.812
794.704
795.620
794.164
794.372
795.080
793.992
795.280
793.320
794.892
794.844
794.160
795.396
795.632
793.732
796.484
794.892
795.304
793.984
792.504
792.800
792.344
793.944
792.376
791.940
