1162672
1163580
1162396
1162688
1162988
1162632
1161664
1164160
1163708
1163648
1161160
1163036
1162888
1163080
1162860
1163200
1163780
1163048
1163372
1163584
1162708
1163928
1162736
1163912
1163324
1163156
1162688
1163136
1161336
1161880
1162728
1161820
1162188
1161744
1162276
1161064
1162268
1162848
1162856
1160548
1162736
1161440
1160940
1161248
1161924
1161136
1162836
1160720
1162552
1161324
1162816
1162348
1162004
1160884
1162484
1161572
1162376
1161932
1163348
1161632
1159956
1164776
1162012
1161572
1162608
1162284
1164188
1161576
1162288
1162928
1163636
1161224
1162912
1161468
1161988
1163748
1162796
1162784
1162548
1162740
1162784
1161932
1162548
1161960
1163384
1161828
1163268
1163704
1162516
1161568
1163304
1161016
1162496
1161888
1163560
1161992
1163068
1163748
1162984
1162856
1162972
1163232
1162308
1166464
1162100
1161264
1163116
1164728
1162220
1163180
1160740
1163168
1162112
1165076
1163220
1162680
1162204
1163232
1162388
1163224
