1576.176
1577.716
1574.300
1576.172
1574.828
1575.052
1573.476
1577.300
1575.912
1575.616
1573.832
1574.864
1574.508
1571.896
1572.772
1573.316
1573.940
1572.992
1573.788
1573.640
1572.800
1573.156
1574.152
1575.868
1575.048
1574.064
1574.768
1574.656
1574.144
1574.668
1576.316
1573.916
1574.344
1573.292
1575.396
1573.504
1575.072
1574.572
1575.896
1572.880
1576.424
1574.104
1573.308
1574.308
1574.744
1573.412
1576.108
1572.920
1575.736
1574.560
1577.176
1574.976
1575.172
1572.848
1574.376
1573.728
1574.088
1574.056
1574.612
1572.876
1572.240
1576.100
1574.192
1569.812
1573.540
1573.280
1575.824
1572.388
1574.008
1573.936
1575.060
1571.036
1573.576
1571.252
1573.020
1574.264
1572.308
1571.688
1571.780
1571.840
1573.072
1569.740
1570.128
1570.244
1572.152
1570.188
1573.360
1574.084
1573.340
1572.744
1574.840
1571.064
1572.068
1571.112
1574.212
1571.844
1572.172
1574.548
1573.928
1572.872
1574.396
1573.196
1572.716
1576.644
1572.192
1571.104
1573.444
1575.816
1572.512
1574.408
1571.588
1573.536
1572.184
1572.776
1573.728
1572.748
1573.176
1573.744
1572.336
1573.180
