110.592 5.7840
112.836 5.9013
110.332 5.7704
110.728 5.7911
110.944 5.8024
110.076 5.7570
109.232 5.7128
107.504 5.6225
110.152 5.7609
110.800 5.7948
111.748 5.8444
110.668 5.7879
109.972 5.7515
110.032 5.7547
110.700 5.7896
110.256 5.7664
109.592 5.7317
109.908 5.7482
109.964 5.7511
110.416 5.7747
111.476 5.8302
110.596 5.7842
110.296 5.7685
109.936 5.7496
110.628 5.7858
110.556 5.7821
110.232 5.7651
109.380 5.7206
109.724 5.7386
110.152 5.7609
111.356 5.8239
109.856 5.7455
109.944 5.7501
110.264 5.7668
109.256 5.7141
110.208 5.7639
110.424 5.7752
110.804 5.7950
110.012 5.7536
110.592 5.7840
111.420 5.8273
110.420 5.7750
110.080 5.7572
110.000 5.7530
110.756 5.7925
110.756 5.7925
110.648 5.7869
109.800 5.7425
110.616 5.7852
109.836 5.7444
111.620 5.8377
110.880 5.7990
109.800 5.7425
110.268 5.7670
110.208 5.7639
109.948 5.7503
110.152 5.7609
107.832 5.6396
111.188 5.8151
110.088 5.7576
109.872 5.7463
110.044 5.7553
110.292 5.7683
110.208 5.7639
110.792 5.7944
110.764 5.7929
110.324 5.7699
110.248 5.7660
109.932 5.7494
110.628 5.7858
111.680 5.8409
111.000 5.8053
109.676 5.7360
110.368 5.7722
110.304 5.7689
111.536 5.8333
112.396 5.8783
110.996 5.8051
110.820 5.7959
109.900 5.7478
112.072 5.8614
110.128 5.7597
110.616 5.7852
109.928 5.7492
110.488 5.7785
110.240 5.7655
110.588 5.7837
110.340 5.7708
111.036 5.8072
110.876 5.7988
112.476 5.8825
110.848 5.7973
109.612 5.7327
111.092 5.8101
110.408 5.7743
111.092 5.8101
110.376 5.7727
110.240 5.7655
109.544 5.7291
111.480 5.8304
111.864 5.8505
111.196 5.8155
110.476 5.7779
110.448 5.7764
110.980 5.8042
110.856 5.7978
110.012 5.7536
107.936 5.6450
110.540 5.7812
110.564 5.7825
111.696 5.8417
111.032 5.8070
111.104 5.8107
109.872 5.7463
110.528 5.7806
111.044 5.8076
111.636 5.8386
111.064 5.8086
110.516 5.7800
111.300 5.8210
