1162.672 60.8081
1163.580 60.8556
1162.396 60.7937
1162.688 60.8090
1162.988 60.8247
1162.632 60.8060
1161.664 60.7554
1164.160 60.8860
1163.708 60.8623
1163.648 60.8592
1161.160 60.7291
1163.036 60.8272
1162.888 60.8194
1163.080 60.8295
1162.860 60.8180
1163.200 60.8358
1163.780 60.8661
1163.048 60.8278
1163.372 60.8447
1163.584 60.8558
1162.708 60.8100
1163.928 60.8738
1162.736 60.8115
1163.912 60.8730
1163.324 60.8422
1163.156 60.8335
1162.688 60.8090
1163.136 60.8324
1161.336 60.7383
1161.880 60.7667
1162.728 60.8111
1161.820 60.7636
1162.188 60.7828
1161.744 60.7596
1162.276 60.7874
1161.064 60.7240
1162.268 60.7870
1162.848 60.8173
1162.856 60.8178
1160.548 60.6971
1162.736 60.8115
1161.440 60.7437
1160.940 60.7176
1161.248 60.7337
1161.924 60.7690
1161.136 60.7278
1162.836 60.8167
1160.720 60.7060
1162.552 60.8019
1161.324 60.7376
1162.816 60.8157
1162.348 60.7912
1162.004 60.7732
1160.884 60.7146
1162.484 60.7983
1161.572 60.7506
1162.376 60.7927
1161.932 60.7694
1163.348 60.8435
1161.632 60.7537
1159.956 60.6661
1164.776 60.9182
1162.012 60.7736
1161.572 60.7506
1162.608 60.8048
1162.284 60.7878
1164.188 60.8874
1161.576 60.7508
1162.288 60.7881
1162.928 60.8215
1163.636 60.8586
1161.224 60.7324
1162.912 60.8207
1161.468 60.7452
1161.988 60.7724
1163.748 60.8644
1162.796 60.8146
1162.784 60.8140
1162.548 60.8017
1162.740 60.8117
1162.784 60.8140
1161.932 60.7694
1162.548 60.8017
1161.960 60.7709
1163.384 60.8454
1161.828 60.7640
1163.268 60.8393
1163.704 60.8621
1162.516 60.8000
1161.568 60.7504
1163.304 60.8412
1161.016 60.7215
1162.496 60.7989
1161.888 60.7671
1163.560 60.8546
1161.992 60.7726
1163.068 60.8288
1163.748 60.8644
1162.984 60.8245
1162.856 60.8178
1162.972 60.8238
1163.232 60.8374
1162.308 60.7891
1166.464 61.0065
1162.100 60.7782
1161.264 60.7345
1163.116 60.8314
1164.728 60.9157
1162.220 60.7845
1163.180 60.8347
1160.740 60.7071
1163.168 60.8341
1162.112 60.7788
1165.076 60.9339
1163.220 60.8368
1162.680 60.8086
1162.204 60.7837
1163.232 60.8374
1162.388 60.7933
1163.224 60.8370
