799.620 41.8204
798.012 41.7363
796.864 41.6762
796.680 41.6666
797.272 41.6976
796.332 41.6484
796.476 41.6559
796.900 41.6781
797.848 41.7277
796.900 41.6781
796.892 41.6777
797.584 41.7139
796.344 41.6490
796.132 41.6380
797.808 41.7256
797.500 41.7095
795.396 41.5995
796.220 41.6426
792.528 41.4495
793.796 41.5158
793.324 41.4911
793.712 41.5114
793.524 41.5016
791.096 41.3746
795.692 41.6149
794.988 41.5781
794.392 41.5470
794.320 41.5432
794.812 41.5689
793.280 41.4888
796.368 41.6503
794.068 41.5300
794.344 41.5444
794.456 41.5503
794.136 41.5336
794.488 41.5520
794.120 41.5327
794.808 41.5687
793.300 41.4898
794.228 41.5384
795.032 41.5804
794.536 41.5545
794.092 41.5313
795.584 41.6093
794.060 41.5296
794.336 41.5440
794.592 41.5574
794.624 41.5591
794.356 41.5451
794.620 41.5589
793.240 41.4867
793.292 41.4894
793.988 41.5258
793.748 41.5133
794.064 41.5298
794.848 41.5708
796.080 41.6352
793.624 41.5068
793.908 41.5216
794.232 41.5386
795.444 41.6020
796.016 41.6319
795.416 41.6005
793.332 41.4915
794.184 41.5361
793.860 41.5191
791.872 41.4152
792.304 41.4378
792.496 41.4478
792.704 41.4587
794.068 41.5300
793.048 41.4767
793.244 41.4869
790.256 41.3306
792.160 41.4302
793.752 41.5135
794.040 41.5285
794.352 41.5449
792.012 41.4225
791.956 41.4195
793.868 41.5195
793.052 41.4769
792.756 41.4614
792.788 41.4631
791.976 41.4206
792.016 41.4227
791.768 41.4097
793.648 41.5080
793.300 41.4898
795.088 41.5834
794.572 41.5564
794.332 41.5438
794.808 41.5687
793.984 41.5256
796.332 41.6484
794.812 41.5689
794.704 41.5633
795.620 41.6112
794.164 41.5350
794.372 41.5459
795.080 41.5829
793.992 41.5260
795.280 41.5934
793.320 41.4909
794.892 41.5731
794.844 41.5706
794.160 41.5348
795.396 41.5995
795.632 41.6118
793.732 41.5124
796.484 41.6564
794.892 41.5731
795.304 41.5947
793.984 41.5256
792.504 41.4482
792.800 41.4637
792.344 41.4398
793.944 41.5235
792.376 41.4415
791.940 41.4187
