413.504 21.6264
414.136 21.6594
411.904 21.5427
413.484 21.6253
411.840 21.5393
412.420 21.5697
411.812 21.5379
413.140 21.6073
412.204 21.5584
411.968 21.5460
412.672 21.5829
411.828 21.5387
411.620 21.5278
408.816 21.3812
409.912 21.4385
410.116 21.4492
410.160 21.4515
409.944 21.4402
410.416 21.4649
410.056 21.4460
410.092 21.4479
409.228 21.4027
411.416 21.5172
411.956 21.5454
411.724 21.5333
410.908 21.4906
412.080 21.5519
411.520 21.5226
412.808 21.5900
412.788 21.5889
413.588 21.6308
412.096 21.5527
412.156 21.5559
411.548 21.5241
413.120 21.6063
412.440 21.5707
412.804 21.5898
411.724 21.5333
413.040 21.6021
412.332 21.5651
413.688 21.6360
412.664 21.5824
412.368 21.5670
413.060 21.6031
412.820 21.5906
412.276 21.5621
413.272 21.6142
412.200 21.5582
413.184 21.6096
413.236 21.6123
414.360 21.6711
412.628 21.5806
413.168 21.6088
411.964 21.5458
411.892 21.5421
412.156 21.5559
411.712 21.5326
412.124 21.5542
411.264 21.5092
411.244 21.5082
412.284 21.5626
411.324 21.5124
412.180 21.5571
408.240 21.3511
410.932 21.4918
410.996 21.4952
411.636 21.5287
410.812 21.4856
411.720 21.5331
411.008 21.4958
411.424 21.5176
409.812 21.4333
410.664 21.4778
409.784 21.4318
411.032 21.4971
410.516 21.4701
409.512 21.4176
408.904 21.3858
409.232 21.4029
409.100 21.3960
410.288 21.4582
407.808 21.3285
407.580 21.3165
408.284 21.3534
408.768 21.3787
408.360 21.3573
410.092 21.4479
410.380 21.4630
410.824 21.4862
411.176 21.5046
411.536 21.5234
410.048 21.4456
409.572 21.4207
409.224 21.4025
410.652 21.4772
409.852 21.4354
409.104 21.3962
410.800 21.4849
410.944 21.4925
410.016 21.4439
411.424 21.5176
409.964 21.4412
410.408 21.4644
410.180 21.4525
410.092 21.4479
409.840 21.4347
410.328 21.4603
411.088 21.5000
410.292 21.4584
411.228 21.5073
410.848 21.4875
410.368 21.4624
410.072 21.4469
407.700 21.3228
410.508 21.4697
410.068 21.4467
410.972 21.4939
410.512 21.4699
409.948 21.4404
409.956 21.4408
